accuracyRate,K,votefunction
0.686666666667, 6
0.655, 6
0.678333333333,6
0.651666666667,2
0.686666666667,3
0.723333333333,0.703333333333,0.643333333333,4
0.661666666667,5
0.661666666667,6
0.69, 0.606666666667,0.661666666667, 7
0.701666666667,0.7,0.703333333333, 8
0.691666666667, 0.678333333333, 0.655, 9
0.688333333333,0.648333333333,0.698333333333, 10
0.656666666667,0.683333333333, 0.651666666667,11
0.685,0.68,0.663333333333,12
0.685,0.631666666667,0.668333333333,13
0.673333333333,0.706666666667,0.643333333333,14
0.67,0.676666666667,0.606666666667,15

accuracyRate 1(feature pruned), accuracyRate 2(feature unpruned)
0.68, 0.68
0.691666666667, 0.691666666667